%YAML:1.0
calibration_time: "Mo 05 Mai 2014 14:40:13 CEST"
nframes: 11
image_width: 800
image_height: 600
board_width: 8
board_height: 5
square_size: 3.2999999821186066e-02
flags: 0
camera_matrix: !!opencv-matrix
   rows: 3
   cols: 3
   dt: d
   data: [ 5.3371264772002689e+02, 0., 4.2463952060527754e+02, 0.,
       5.4102789990994563e+02, 3.2803826557755684e+02, 0., 0., 1. ]
distortion_coefficients: !!opencv-matrix
   rows: 5
   cols: 1
   dt: d
   data: [ 6.6167771741760584e-02, -2.7911377285425359e-01,
       -5.9323004417815217e-03, 5.4123711458568133e-02,
       7.6252840380932121e-02 ]
avg_reprojection_error: 2.2831591053155145e+00
per_view_reprojection_errors: !!opencv-matrix
   rows: 11
   cols: 1
   dt: f
   data: [ 2.74443418e-01, 2.27864242e+00, 3.40571904e+00,
       4.80897856e+00, 3.33029449e-01, 4.09763288e+00, 3.85351300e-01,
       1.92654535e-01, 2.24873826e-01, 2.58477509e-01, 3.79137248e-01 ]
# a set of 6-tuples (rotation vector + translation vector) for each view
extrinsic_parameters: !!opencv-matrix
   rows: 11
   cols: 6
   dt: d
   data: [ -2.2814509529942034e-01, -3.9014556229950963e-03,
       7.4560325847377495e-01, -1.5994754853864290e-01,
       -3.5894968136954075e-01, 9.7236691656462748e-01,
       -1.5271776698152512e-01, -3.7579146921294709e-01,
       1.6563147379271028e+00, 5.1131754965099707e-01,
       2.2170759597559070e-01, 1.1199649869331652e+00,
       -3.3150742444974191e-01, -5.5825775470211181e-01,
       1.6162290894911862e+00, -5.6278061753869812e-01,
       2.1103277656422420e-01, 9.4537039014143176e-01,
       -5.1203239460229266e-01, -3.3105933754040073e-01,
       1.3883607608385524e+00, -6.0591652848348898e-01,
       -5.0161467906336155e-01, 9.7450191181003121e-01,
       -3.9541005280700503e-01, -8.2517610044231443e-02,
       1.5474886069792644e+00, 4.4679902839538960e-01,
       -4.9497047865376304e-01, 1.1453912169840246e+00,
       -2.0548795950388846e-01, -4.0560858538509842e-01,
       1.6798594566757896e+00, 5.4215623275461633e-01,
       2.8843307893474912e-01, 1.1635451525241824e+00,
       -1.8997146152403965e-01, 6.2224770718664189e-02,
       1.5985303390138710e+00, -3.2707798314354039e-02,
       -1.8179282853182294e-01, 9.6062736580416830e-01,
       -2.9706508903512030e-01, 1.1398523103517035e-01,
       1.5204593008802658e+00, -5.4158626091406099e-02,
       -5.6753427166174508e-01, 1.0327283353490162e+00,
       9.3487392890104187e-02, -2.7202780862031012e-01,
       1.5749693487080547e+00, -4.7498996928851060e-02,
       2.3647856380233917e-01, 9.5151202394924006e-01,
       -6.3527883483823627e-02, -1.5108118236362617e-01,
       2.3726701944260795e+00, -3.1357062635418170e-01,
       1.0106083597611899e-01, 9.7489789398906712e-01,
       -2.0193270855870169e-02, -2.9827935596890254e-01,
       9.1398601735571194e-01, 2.5542364724769823e-01,
       3.3133910944919034e-02, 1.0070241513653919e+00 ]
image_points: !!opencv-matrix
   rows: 11
   cols: 40
   dt: "2f"
   data: [ 3.42001434e+02, 1.29898575e+02, 3.54297974e+02,
       1.41073257e+02, 3.66784363e+02, 1.52332108e+02, 3.79483704e+02,
       1.63953644e+02, 3.92367920e+02, 1.75718109e+02, 4.05393951e+02,
       1.87885956e+02, 4.18402740e+02, 1.99992218e+02, 4.31580933e+02,
       2.12369019e+02, 3.29486023e+02, 1.42011948e+02, 3.41633026e+02,
       1.53216843e+02, 3.54115662e+02, 1.64731689e+02, 3.66749512e+02,
       1.76414841e+02, 3.79549347e+02, 1.88340164e+02, 3.92574310e+02,
       2.00486618e+02, 4.05618530e+02, 2.12681091e+02, 4.18729919e+02,
       2.25268784e+02, 3.16890167e+02, 1.54499939e+02, 3.29063293e+02,
       1.65745468e+02, 3.41420624e+02, 1.77208496e+02, 3.54054382e+02,
       1.89078522e+02, 3.66738373e+02, 2.01051270e+02, 3.79772156e+02,
       2.13262192e+02, 3.92718231e+02, 2.25585999e+02, 4.05941864e+02,
       2.38193192e+02, 3.04402252e+02, 1.66967926e+02, 3.16376648e+02,
       1.78247635e+02, 3.28605011e+02, 1.89819336e+02, 3.41236420e+02,
       2.01804794e+02, 3.53930847e+02, 2.13842010e+02, 3.66864746e+02,
       2.26219498e+02, 3.79760315e+02, 2.38561981e+02, 3.92978668e+02,
       2.51239014e+02, 2.91636932e+02, 1.79537521e+02, 3.03664124e+02,
       1.90993851e+02, 3.15823730e+02, 2.02691757e+02, 3.28392242e+02,
       2.14699829e+02, 3.41036743e+02, 2.26826218e+02, 3.54029205e+02,
       2.39333588e+02, 3.66799286e+02, 2.51733322e+02, 3.79938782e+02,
       2.64467651e+02, 6.86479797e+02, 4.39177979e+02, 6.84828674e+02,
       4.54999268e+02, 6.80863586e+02, 4.70789215e+02, 6.78827698e+02,
       4.86466644e+02, 6.67134583e+02, 5.02263672e+02, 6.74169006e+02,
       5.16617920e+02, 6.61164917e+02, 5.32153748e+02, 6.68305542e+02,
       5.45841492e+02, 6.72805725e+02, 4.38907623e+02, 6.70431641e+02,
       4.54818695e+02, 6.67462708e+02, 4.70802673e+02, 6.64708862e+02,
       4.86504517e+02, 6.61727051e+02, 5.02197693e+02, 6.64024780e+02,
       5.16845398e+02, 6.60604797e+02, 5.32170593e+02, 6.55274658e+02,
       5.46443176e+02, 6.58583618e+02, 4.38730072e+02, 6.55995361e+02,
       4.54863098e+02, 6.53298645e+02, 4.70709930e+02, 6.50468689e+02,
       4.86680115e+02, 6.47618164e+02, 5.02287354e+02, 6.44522217e+02,
       5.17653137e+02, 6.42002686e+02, 5.32527588e+02, 6.38691345e+02,
       5.47296021e+02, 6.43903381e+02, 4.38425903e+02, 6.41453186e+02,
       4.54648895e+02, 6.38611084e+02, 4.70740753e+02, 6.35885132e+02,
       4.86605621e+02, 6.32877380e+02, 5.02458344e+02, 6.30020569e+02,
       5.17935547e+02, 6.27193848e+02, 5.32926941e+02, 6.24438660e+02,
       5.48076904e+02, 6.28940430e+02, 4.38055115e+02, 6.26393372e+02,
       4.54469666e+02, 6.23707092e+02, 4.70494843e+02, 6.20826355e+02,
       4.86608978e+02, 6.18178467e+02, 5.02420319e+02, 6.15090637e+02,
       5.18122070e+02, 6.12362610e+02, 5.33146729e+02, 6.09316345e+02,
       5.48286072e+02, 1.44385422e+02, 4.38494812e+02, 1.46156433e+02,
       4.54438202e+02, 1.48249985e+02, 4.70294586e+02, 1.50124817e+02,
       4.85744080e+02, 1.52309875e+02, 5.00821136e+02, 1.48224716e+02,
       5.15335449e+02, 1.50675461e+02, 5.30320190e+02, 1.52343765e+02,
       5.44244629e+02, 1.30094299e+02, 4.38107574e+02, 1.32221558e+02,
       4.53650848e+02, 1.28365234e+02, 4.68683075e+02, 1.30968338e+02,
       4.84476837e+02, 1.32527618e+02, 4.99171570e+02, 1.35005386e+02,
       5.14275330e+02, 1.36835983e+02, 5.28480652e+02, 1.39456161e+02,
       5.42905640e+02, 1.11682571e+02, 4.37231445e+02, 1.13333244e+02,
       4.52490692e+02, 1.15546837e+02, 4.68126923e+02, 1.17120270e+02,
       4.82807709e+02, 1.20206589e+02, 4.98253296e+02, 1.22291298e+02,
       5.12702881e+02, 1.24619713e+02, 5.27307739e+02, 1.26834244e+02,
       5.41257629e+02, 9.90714798e+01, 4.36455963e+02, 1.00836411e+02,
       4.52223206e+02, 1.02597397e+02, 4.66692596e+02, 1.04951538e+02,
       4.82207367e+02, 1.06959435e+02, 4.96603638e+02, 1.09552689e+02,
       5.11341644e+02, 1.12353767e+02, 5.25644836e+02, 1.15161942e+02,
       5.39941528e+02, 8.95042343e+01, 4.35993317e+02, 1.00530060e+02,
       4.52193115e+02, 9.23815994e+01, 4.66016541e+02, 1.04697876e+02,
       4.82162018e+02, 9.65176849e+01, 4.95471252e+02, 1.09402359e+02,
       5.11322510e+02, 9.95056686e+01, 5.24138672e+02, 1.14972565e+02,
       5.39903076e+02, 1.49018295e+02, 8.72068481e+01, 1.49042313e+02,
       8.75647736e+01, 1.46775757e+02, 1.07630074e+02, 1.51935181e+02,
       1.20936531e+02, 1.43402557e+02, 1.36879700e+02, 1.48630051e+02,
       1.50866653e+02, 1.47012817e+02, 1.66169861e+02, 1.45957092e+02,
       1.81520493e+02, 1.37556671e+02, 8.02890701e+01, 1.36681641e+02,
       9.02089310e+01, 1.34275391e+02, 1.08967560e+02, 1.32075150e+02,
       1.24443024e+02, 1.30900833e+02, 1.38599411e+02, 1.29124527e+02,
       1.53870804e+02, 1.27412758e+02, 1.68697571e+02, 1.32011093e+02,
       1.83460709e+02, 1.24005035e+02, 9.20124359e+01, 1.23982430e+02,
       9.23741760e+01, 1.21625687e+02, 1.11830292e+02, 1.20097885e+02,
