%YAML:1.0
calibration_time: "Di 06 Mai 2014 17:10:42 CEST"
nframes: 23
image_width: 800
image_height: 600
board_width: 8
board_height: 5
square_size: 3.2999999821186066e-02
flags: 0
camera_matrix: !!opencv-matrix
   rows: 3
   cols: 3
   dt: d
   data: [ 5.0728713080574551e+02, 0., 4.7635771764413437e+02, 0.,
       5.1322529903390659e+02, 3.3856742728257245e+02, 0., 0., 1. ]
distortion_coefficients: !!opencv-matrix
   rows: 5
   cols: 1
   dt: d
   data: [ -6.3506773539367067e-02, 1.9004811978810925e-03,
       -1.7797916983809060e-03, 8.4649969735144104e-03,
       -6.9680395953190144e-02 ]
avg_reprojection_error: 1.8093417315686793e+00
per_view_reprojection_errors: !!opencv-matrix
   rows: 23
   cols: 1
   dt: f
   data: [ 2.68999648e+00, 2.32070193e-01, 2.18298346e-01,
       2.14270860e-01, 2.34427124e-01, 2.70039618e-01, 4.03423023e+00,
       3.64168024e+00, 3.67444038e+00, 3.63653898e-01, 2.73083687e-01,
       2.40569711e-01, 2.10514188e-01, 2.44492009e-01, 2.18893141e-01,
       2.56852746e-01, 2.47141212e-01, 2.34501266e+00, 2.53183424e-01,
       6.23029292e-01, 4.07635021e+00, 3.60211760e-01, 1.22648764e+00 ]
# a set of 6-tuples (rotation vector + translation vector) for each view
extrinsic_parameters: !!opencv-matrix
   rows: 23
   cols: 6
   dt: d
   data: [ -1.5321133419457994e-01, -3.1660873312071514e-01,
       1.5778223556839628e+00, 4.4723818563263990e-01,
       1.8866077891608679e-01, 1.0332604625877075e+00,
       -5.7191214553941959e-02, -2.8566101595853771e-01,
       1.5663928077280418e+00, 2.3251263323390847e-01,
       1.7574276193919414e-01, 9.5176585666746805e-01,
       -7.7371642151332562e-03, -2.4509914971686161e-01,
       1.6103013352774034e+00, 8.2065844469445717e-02,
       1.7940755933467156e-01, 9.2061566485961221e-01,
       3.5568028327700854e-02, -1.8365769171363916e-01,
       1.6347846106714949e+00, -1.0364351567473286e-01,
       1.5427823076142272e-01, 9.0143252892859627e-01,
       7.4550777195070209e-02, -1.0914391509906041e-01,
       1.6011995926766092e+00, -3.2828558740507363e-01,
       1.5783654113888201e-01, 9.1143358864158841e-01,
       6.5741977515989924e-02, -7.9489481755481928e-02,
       1.6315390257872613e+00, -5.0332534300166776e-01,
       1.5873948338238528e-01, 9.3063337552930692e-01,
       -3.0711272576172349e-01, -2.4083531639442929e-01,
       1.5633041306545934e+00, -7.4667771181074638e-01,
       1.7114383420702145e-01, 9.7681877445056153e-01,
       -1.6666748673979564e-01, -1.5046002932776709e-01,
       1.5794250790632889e+00, -7.4611874027237657e-01,
       -1.0458187897593185e-01, 9.5581492481173469e-01,
       -2.8910538397812169e-01, -2.9292413220567165e-01,
       1.5097959871443225e+00, -7.4631018660678550e-01,
       -3.5440306588797937e-01, 9.6708551793079134e-01,
       3.1542194637127180e-01, -1.1684999326703005e-02,
       -2.2884624763347348e+00, 2.5724032192768692e-01,
       3.1214415590675992e-01, 9.7617877255424779e-01,
       2.6733141400479603e-02, -4.7098115279255552e-02,
       2.2628463113494397e+00, -4.7938111289192509e-01,
       6.4243447581968968e-02, 9.3254007482445922e-01,
       -2.6018954515950932e-02, 1.0758614622442784e-01,
       2.7478404625726811e+00, -3.0614950969251831e-01,
       -1.5809279329919615e-01, 9.2048916048870633e-01,
       7.5012761807520187e-02, -1.3682766899386392e-01,
       -2.6118534883055777e+00, -9.5710332431024753e-02,
       5.2773172194627266e-02, 8.9328150852110322e-01,
       -1.4634441492164554e-01, 1.4008389974719096e-01,
       2.2858089508403623e+00, -1.1753725157864410e-01,
       -3.3689347010670700e-01, 9.3471779553883794e-01,
       1.2656829901702868e-01, 9.5384524147527516e-02,
       -2.4396381749355900e+00, -1.7088320514945629e-01,
       3.1727441222818648e-01, 9.2100246077294345e-01,
       -1.5000604171594420e-01, -1.3941649827716163e-02,
       5.2111157255711901e-02, -5.4484148642478514e-01,
       -4.2029837449250235e-01, 9.4743444440451186e-01,
       -1.6518777820764971e-01, -9.6799884585625606e-02,
       4.4893943338499442e-01, -9.4239056331648113e-02,
       -3.5048576957532346e-01, 9.2849142855928346e-01,
       -1.8681956168846858e-01, -2.1798264162527126e-01,
       2.6985581988650233e-02, 1.2488414303976333e-01,
       -5.1937171540564309e-01, 9.9533766415136438e-01,
       -1.8719270468693902e-01, -1.6395050059637747e-01,
       1.9758166119003368e-01, -4.5397287888084004e-05,
       -4.3883985608591758e-01, 9.5450438210715516e-01,
       -1.4427978966663255e-01, -5.0172777738365849e-02,
       -3.8361293311704586e-01, -6.3098448778035809e-01,
       -3.8780804249993650e-01, 9.4832760261276383e-01,
       -1.5254906495527693e-01, -2.0530509865409038e-01,
       -4.9345963931223186e-01, -8.0812522935212849e-01,
       -4.7363092477329183e-01, 9.3351523339083764e-01,
       -2.2148000590168354e-01, -2.2648250364425559e-01,
       1.5579894480543677e+00, 4.3026250639415287e-01,
       -1.2494585226533347e-01, 1.0088111280740615e+00,
       -1.5696926867730868e-01, -3.1137513733119920e-01,
       1.5867904506060853e+00, 4.3437603485044812e-01,
       9.4064630508114991e-02, 1.0069811486846147e+00 ]
